0	2.073e-06
1	2.073e-06
2	2.073e-06
3	2.073e-06
4	2.073e-06
5	2.073e-06
6	2.073e-06
7	2.073e-06
8	2.073e-06
9	2.073e-06
10	2.073e-06
11	2.0731e-06
12	2.0731e-06
13	2.0731e-06
14	2.0732e-06
15	2.0734e-06
16	2.0735e-06
17	2.0738e-06
18	2.0743e-06
19	2.0749e-06
20	2.0758e-06
21	2.0771e-06
22	2.0789e-06
23	2.0815e-06
24	2.085e-06
25	2.0898e-06
26	2.0963e-06
27	2.1049e-06
28	2.1162e-06
29	2.1309e-06
30	2.1498e-06
31	2.1737e-06
32	2.2038e-06
33	2.241e-06
34	2.2866e-06
35	2.3417e-06
36	2.4076e-06
37	2.4855e-06
38	2.5764e-06
39	2.6813e-06
40	2.8009e-06
41	2.9356e-06
42	3.0855e-06
43	3.2504e-06
44	3.4296e-06
45	3.6221e-06
46	3.8265e-06
47	4.0407e-06
48	4.2628e-06
49	4.4902e-06
50	4.7204e-06
51	4.9505e-06
52	5.178e-06
53	5.4e-06
54	5.6143e-06
55	5.8186e-06
56	6.0111e-06
57	6.1904e-06
58	6.3553e-06
59	6.5052e-06
60	6.6399e-06
61	6.7594e-06
62	6.8643e-06
63	6.9553e-06
64	7.0331e-06
65	7.0991e-06
66	7.1542e-06
67	7.1998e-06
68	7.237e-06
69	7.267e-06
70	7.291e-06
71	7.3099e-06
72	7.3246e-06
73	7.3359e-06
74	7.3445e-06
75	7.351e-06
76	7.3558e-06
77	7.3593e-06
78	7.3619e-06
79	7.3637e-06
80	7.365e-06
81	7.3659e-06
82	7.3665e-06
83	7.3669e-06
84	7.3672e-06
85	7.3674e-06
86	7.3676e-06
87	7.3676e-06
88	7.3677e-06
89	7.3677e-06
90	7.3677e-06
91	7.3678e-06
92	7.3678e-06
93	7.3678e-06
94	7.3678e-06
95	7.3678e-06
96	7.3678e-06
97	7.3678e-06
98	7.3678e-06
99	7.3678e-06
100	7.3678e-06
101	7.3678e-06
102	7.3678e-06
103	7.3678e-06
104	7.3678e-06
105	7.3678e-06
106	7.3678e-06
107	7.3678e-06
108	7.3678e-06
109	7.3678e-06
110	7.3678e-06
111	7.3678e-06
112	7.3678e-06
113	7.3678e-06
114	7.3678e-06
115	7.3678e-06
116	7.3678e-06
117	7.3678e-06
118	7.3678e-06
119	7.3678e-06
120	7.3678e-06
121	7.3678e-06
122	7.3678e-06
123	7.3678e-06
124	7.3678e-06
125	7.3678e-06
126	7.3678e-06
127	7.3678e-06
128	7.3678e-06
129	7.3678e-06
130	7.3678e-06
131	7.3678e-06
132	7.3678e-06
133	7.3678e-06
134	7.3678e-06
135	7.3678e-06
136	7.3678e-06
137	7.3678e-06
138	7.3678e-06
139	7.3678e-06
140	7.3678e-06
141	7.3678e-06
142	7.3678e-06
143	7.3678e-06
144	7.3678e-06
145	7.3678e-06
146	7.3678e-06
147	7.3678e-06
148	7.3678e-06
149	7.3678e-06
150	7.3678e-06
151	7.3678e-06
152	7.3678e-06
153	7.3678e-06
154	7.3678e-06
155	7.3678e-06
156	7.3678e-06
157	7.3678e-06
158	7.3678e-06
159	7.3678e-06
160	7.3678e-06
161	7.3678e-06
162	7.3678e-06
163	7.3678e-06
164	7.3678e-06
165	7.3678e-06
166	7.3678e-06
167	7.3678e-06
168	7.3678e-06
169	7.3678e-06
170	7.3677e-06
171	7.3676e-06
172	7.3674e-06
173	7.3668e-06
174	7.3654e-06
175	7.3623e-06
176	7.3558e-06
177	7.3431e-06
178	7.3199e-06
179	7.2801e-06
180	7.2162e-06
181	7.1199e-06
182	6.9839e-06
183	6.8038e-06
184	6.5802e-06
185	6.3199e-06
186	6.0359e-06
187	5.7454e-06
188	5.4668e-06
189	5.2162e-06
190	5.005e-06
191	4.8382e-06
192	4.7145e-06
193	4.6286e-06
194	4.5727e-06
195	4.5386e-06
196	4.519e-06
197	4.5086e-06
198	4.5033e-06
199	4.5008e-06
200	4.4997e-06
201	4.4992e-06
202	4.4991e-06
203	4.499e-06
204	4.499e-06
205	4.499e-06
206	4.499e-06
207	4.499e-06
208	4.499e-06
209	4.499e-06
210	4.499e-06
211	4.499e-06
212	4.499e-06
213	4.499e-06
214	4.499e-06
215	4.499e-06
216	4.499e-06
217	4.499e-06
218	4.499e-06
219	4.499e-06
220	4.499e-06
221	4.499e-06
222	4.499e-06
223	4.499e-06
224	4.499e-06
225	4.499e-06
226	4.499e-06
227	4.499e-06
228	4.499e-06
229	4.499e-06
230	4.499e-06
231	4.499e-06
232	4.499e-06
233	4.499e-06
234	4.499e-06
235	4.499e-06
236	4.499e-06
237	4.499e-06
238	4.499e-06
239	4.499e-06
240	4.499e-06
241	4.499e-06
242	4.499e-06
243	4.499e-06
244	4.499e-06
245	4.499e-06
246	4.499e-06
247	4.499e-06
248	4.499e-06
249	4.499e-06
250	4.499e-06
251	4.499e-06
252	4.499e-06
253	4.499e-06
254	4.499e-06
255	4.499e-06
256	4.499e-06
257	4.499e-06
258	4.499e-06
259	4.499e-06
260	4.499e-06
261	4.499e-06
262	4.499e-06
263	4.499e-06
264	4.499e-06
265	4.499e-06
266	4.499e-06
267	4.499e-06
268	4.499e-06
269	4.499e-06
270	4.499e-06
271	4.499e-06
272	4.499e-06
273	4.499e-06
274	4.499e-06
275	4.499e-06
276	4.499e-06
277	4.499e-06
278	4.499e-06
279	4.499e-06
280	4.499e-06
281	4.499e-06
282	4.499e-06
283	4.499e-06
284	4.499e-06
285	4.499e-06
286	4.499e-06
287	4.499e-06
288	4.499e-06
289	4.499e-06
290	4.499e-06
291	4.499e-06
292	4.499e-06
293	4.499e-06
294	4.499e-06
295	4.499e-06
296	4.499e-06
297	4.499e-06
298	4.499e-06
299	4.499e-06
300	4.499e-06
301	4.499e-06
302	4.499e-06
303	4.499e-06
304	4.499e-06
305	4.499e-06
306	4.499e-06
307	4.499e-06
308	4.499e-06
309	4.499e-06
310	4.499e-06
311	4.499e-06
312	4.499e-06
313	4.499e-06
314	4.499e-06
315	4.499e-06
316	4.499e-06
317	4.499e-06
318	4.499e-06
319	4.499e-06
320	4.499e-06
321	4.499e-06
322	4.4989e-06
323	4.4989e-06
324	4.4987e-06
325	4.4982e-06
326	4.497e-06
327	4.4944e-06
328	4.489e-06
329	4.4782e-06
330	4.458e-06
331	4.4221e-06
332	4.3622e-06
333	4.2676e-06
334	4.1268e-06
335	3.9288e-06
336	3.6662e-06
337	3.3374e-06
338	2.9488e-06
339	2.5153e-06
340	2.0591e-06
341	1.6061e-06
342	1.1823e-06
343	8.0945e-07
344	5.0263e-07
345	2.698e-07
346	1.1301e-07
347	3.1003e-08
348	2.1822e-08
349	8.4561e-08
350	2.1957e-07
351	4.2709e-07
352	7.0494e-07
353	1.0462e-06
354	1.4377e-06
355	1.8611e-06
356	2.2946e-06
357	2.7171e-06
358	3.112e-06
359	3.47e-06
360	3.7899e-06
361	4.0773e-06
362	4.3417e-06
363	4.5926e-06
364	4.8368e-06
365	5.076e-06
366	5.3074e-06
367	5.5244e-06
368	5.7194e-06
369	5.8849e-06
370	6.016e-06
371	6.1094e-06
372	6.1636e-06
373	6.1777e-06
374	6.1503e-06
375	6.0798e-06
376	5.9649e-06
377	5.8058e-06
378	5.6062e-06
379	5.3728e-06
380	5.1149e-06
381	4.8419e-06
382	4.5602e-06
383	4.2712e-06
384	3.97e-06
385	3.6476e-06
386	3.2947e-06
387	2.9058e-06
388	2.4836e-06
389	2.0401e-06
390	1.595e-06
391	1.1714e-06
392	7.9093e-07
393	4.6865e-07
394	2.1087e-07
395	1.5081e-08
396	-1.2783e-07
397	-2.3028e-07
398	-3.0468e-07
399	-3.6102e-07
400	-4.0559e-07
401	-4.4098e-07
402	-4.6704e-07
403	-4.8228e-07
404	-4.8532e-07
405	-4.7584e-07
406	-4.5478e-07
407	-4.2375e-07
408	-3.8373e-07
409	-3.3362e-07
410	-2.6895e-07
411	-1.8146e-07
412	-5.9674e-08
413	1.092e-07
414	3.3631e-07
415	6.2772e-07
416	9.8153e-07
417	1.3867e-06
418	1.8244e-06
419	2.2715e-06
420	2.706e-06
421	3.1118e-06
422	3.4818e-06
423	3.8179e-06
424	4.128e-06
425	4.422e-06
426	4.7071e-06
427	4.9851e-06
428	5.2519e-06
429	5.4995e-06
430	5.719e-06
431	5.9033e-06
432	6.0491e-06
433	6.1577e-06
434	6.2336e-06
435	6.2834e-06
436	6.314e-06
437	6.3316e-06
438	6.3411e-06
439	6.346e-06
440	6.3483e-06
441	6.3493e-06
442	6.3497e-06
443	6.3499e-06
444	6.35e-06
445	6.35e-06
446	6.35e-06
447	6.35e-06
448	6.35e-06
449	6.35e-06
450	6.35e-06
451	6.35e-06
452	6.35e-06
453	6.35e-06
454	6.35e-06
455	6.35e-06
456	6.35e-06
457	6.35e-06
458	6.35e-06
459	6.35e-06
460	6.35e-06
461	6.35e-06
462	6.35e-06
463	6.35e-06
464	6.35e-06
465	6.35e-06
466	6.35e-06
467	6.35e-06
468	6.35e-06
469	6.35e-06
470	6.35e-06
471	6.35e-06
472	6.35e-06
473	6.35e-06
474	6.35e-06
475	6.35e-06
476	6.35e-06
477	6.35e-06
