=================================================== 
MCMC CONVERGENCE diagnostics for chain number  1 
Based on sample size =       2501 
=================================================== 
Autocorrelation for each parameter 
Variable           Lag 1        Lag 5       Lag 10       Lag 25 
variable 1         0.991        0.959        0.931        0.879 
variable 2         0.990        0.952        0.903        0.756 
variable 3         0.994        0.974        0.948        0.869 
variable 4         0.991        0.958        0.911        0.761 
variable 5         0.985        0.929        0.874        0.697 
variable 6         0.994        0.969        0.943        0.877 
variable 7         0.997        0.987        0.975        0.944 
variable 8         0.979        0.904        0.821        0.594 
variable 9         0.993        0.965        0.935        0.845 
variable 10        0.996        0.980        0.964        0.918 
variable 11        0.992        0.961        0.924        0.810 
variable 12        0.994        0.975        0.954        0.894 
variable 13        0.990        0.954        0.911        0.805 
variable 14        0.989        0.948        0.900        0.755 
variable 15        0.990        0.953        0.906        0.787 
variable 16        0.989        0.950        0.902        0.783 

Raftery-Lewis Diagnostics for each parameter 
(q=0.025000, r=0.010000, s=0.950000)
Variable          Thin       Burn   Total(N)     (Nmin)     I-stat 
variable 1           1        114      34637        937     36.966 
variable 2           1        114      34637        937     36.966 
variable 3           1        114      34637        937     36.966 
variable 4           1        114      34637        937     36.966 
variable 5           1        114      34637        937     36.966 
variable 6           1        114      34637        937     36.966 
variable 7           1        114      34637        937     36.966 
variable 8           1        114      34637        937     36.966 
variable 9           1        114      34637        937     36.966 
variable 10          1        114      34637        937     36.966 
variable 11          1        114      34637        937     36.966 
variable 12          1        114      34637        937     36.966 
variable 13          1        114      34637        937     36.966 
variable 14          1        114      34637        937     36.966 
variable 15          1        114      34637        937     36.966 
variable 16          1        114      34637        937     36.966 

Geweke Diagnostics for each parameter 
Variable            Mean      std dev      NSE iid      RNE iid 
variable 1      5.206967     1.594577     0.031892     1.000000 
variable 2     18.970571     1.981093     0.039622     1.000000 
variable 3     21.856450     2.130493     0.042610     1.000000 
variable 4      6.937387     4.538187     0.090764     1.000000 
variable 5      5.108068     1.617360     0.032347     1.000000 
variable 6     19.587125     2.245963     0.044919     1.000000 
variable 7      8.777316     3.172504     0.063450     1.000000 
variable 8     25.344946    10.027906     0.200558     1.000000 
variable 9      9.767701     2.006196     0.040124     1.000000 
variable 10     7.271270     2.234520     0.044690     1.000000 
variable 11    17.679025     1.004103     0.020082     1.000000 
variable 12    15.892724     4.192596     0.083852     1.000000 
variable 13    30.908965     9.727259     0.194545     1.000000 
variable 14    21.518332     5.657833     0.113157     1.000000 
variable 15     0.000002     0.000001     0.000000     1.000000 
variable 16     0.000003     0.000001     0.000000     1.000000 

Variable          NSE 4%       RNE 4%       NSE 8%       RNE 8%      NSE 15%      RNE 15% 
variable 1      0.443615     0.005168     0.390352     0.006675     0.309941     0.010587 
variable 2      0.401232     0.009752     0.377042     0.011043     0.243605     0.026454 
variable 3      0.674314     0.003993     0.737877     0.003335     0.600281     0.005039 
variable 4      1.106527     0.006728     1.162037     0.006101     1.006132     0.008138 
variable 5      0.317130     0.010404     0.272276     0.014114     0.244491     0.017504 
variable 6      0.779654     0.003319     0.819168     0.003007     0.616824     0.005303 
variable 7      1.218868     0.002710     1.395969     0.002066     1.211163     0.002744 
variable 8      1.984595     0.010213     1.942427     0.010661     1.431475     0.019630 
variable 9      0.558837     0.005155     0.529863     0.005734     0.365002     0.012084 
variable 10     0.786941     0.003225     0.883796     0.002557     0.782807     0.003259 
variable 11     0.242722     0.006845     0.251445     0.006379     0.169903     0.013971 
variable 12     1.531750     0.002997     1.769123     0.002247     1.594197     0.002767 
variable 13     2.693528     0.005217     3.095227     0.003951     3.197909     0.003701 
variable 14     1.206329     0.008799     0.990678     0.013047     0.892466     0.016076 
variable 15     0.000000     0.008556     0.000000     0.010431     0.000000     0.013276 
variable 16     0.000000     0.010795     0.000000     0.011384     0.000000     0.012508 

=================================================== 
MCMC CONVERGENCE diagnostics for chain number  2 
Based on sample size =       2501 
=================================================== 
Autocorrelation for each parameter 
Variable           Lag 1        Lag 5       Lag 10       Lag 25 
variable 1         0.993        0.967        0.937        0.847 
variable 2         0.990        0.955        0.912        0.791 
variable 3         0.989        0.952        0.917        0.828 
variable 4         0.993        0.970        0.949        0.890 
variable 5         0.988        0.944        0.888        0.735 
variable 6         0.994        0.973        0.948        0.872 
variable 7         0.991        0.958        0.925        0.804 
variable 8         0.975        0.889        0.790        0.516 
variable 9         0.987        0.938        0.894        0.768 
variable 10        0.992        0.966        0.935        0.839 
variable 11        0.987        0.937        0.881        0.738 
variable 12        0.991        0.958        0.918        0.817 
variable 13        0.992        0.963        0.934        0.859 
variable 14        0.990        0.957        0.923        0.814 
variable 15        0.988        0.943        0.889        0.754 
variable 16        0.987        0.939        0.902        0.829 

Raftery-Lewis Diagnostics for each parameter 
(q=0.025000, r=0.010000, s=0.950000)
Variable          Thin       Burn   Total(N)     (Nmin)     I-stat 
variable 1           1        854     479349        937    511.578 
variable 2           1        854     479349        937    511.578 
variable 3           1        854     479349        937    511.578 
variable 4           1        854     479349        937    511.578 
variable 5           1        854     479349        937    511.578 
variable 6           1        854     479349        937    511.578 
variable 7           1        854     479349        937    511.578 
variable 8           1        854     479349        937    511.578 
variable 9           1        854     479349        937    511.578 
variable 10          1        854     479349        937    511.578 
variable 11          1        854     479349        937    511.578 
variable 12          1        854     479349        937    511.578 
variable 13          1        854     479349        937    511.578 
variable 14          1        854     479349        937    511.578 
variable 15          1        854     479349        937    511.578 
variable 16          1        854     479349        937    511.578 

Geweke Diagnostics for each parameter 
Variable            Mean      std dev      NSE iid      RNE iid 
variable 1      4.500994     1.712939     0.034259     1.000000 
variable 2     17.574150     2.141894     0.042838     1.000000 
variable 3     23.718313     1.940825     0.038816     1.000000 
variable 4     11.893667     5.588486     0.111770     1.000000 
variable 5      3.339123     1.531788     0.030636     1.000000 
variable 6     18.241697     2.573825     0.051476     1.000000 
variable 7      8.535545     2.432535     0.048651     1.000000 
variable 8     31.465606     9.351865     0.187037     1.000000 
variable 9     10.343573     1.755693     0.035114     1.000000 
variable 10     7.306855     1.794295     0.035886     1.000000 
variable 11    17.014871     1.085229     0.021705     1.000000 
variable 12    14.751988     2.863575     0.057272     1.000000 
variable 13    27.380552     8.992574     0.179851     1.000000 
variable 14    21.109753     7.521874     0.150437     1.000000 
variable 15     0.000002     0.000001     0.000000     1.000000 
variable 16     0.000003     0.000001     0.000000     1.000000 

Variable          NSE 4%       RNE 4%       NSE 8%       RNE 8%      NSE 15%      RNE 15% 
variable 1      0.536898     0.004072     0.525514     0.004250     0.349775     0.009593 
variable 2      0.664402     0.004157     0.782028     0.003001     0.744253     0.003313 
variable 3      0.497681     0.006083     0.548801     0.005003     0.471035     0.006791 
variable 4      1.718745     0.004229     1.995450     0.003137     1.713824     0.004253 
variable 5      0.386188     0.006293     0.315747     0.009414     0.195879     0.024461 
variable 6      0.801461     0.004125     0.813886     0.004000     0.823881     0.003904 
variable 7      0.626092     0.006038     0.437592     0.012361     0.359480     0.018316 
variable 8      1.679539     0.012402     1.063949     0.030904     0.933880     0.040112 
variable 9      0.425866     0.006798     0.312698     0.012610     0.268345     0.017123 
variable 10     0.580153     0.003826     0.715921     0.002513     0.703081     0.002605 
variable 11     0.247570     0.007686     0.212605     0.010422     0.189932     0.013059 
variable 12     0.814675     0.004942     0.943098     0.003688     0.859408     0.004441 
variable 13     3.068730     0.003435     3.408465     0.002784     2.666760     0.004548 
variable 14     1.935317     0.006042     1.970769     0.005827     1.354586     0.012334 
variable 15     0.000000     0.005891     0.000000     0.004532     0.000000     0.005107 
variable 16     0.000000     0.005694     0.000000     0.015268     0.000000     0.021245 

=================================================== 
MCMC CONVERGENCE diagnostics for chain number  3 
Based on sample size =       2501 
=================================================== 
Autocorrelation for each parameter 
Variable           Lag 1        Lag 5       Lag 10       Lag 25 
variable 1         0.983        0.926        0.859        0.688 
variable 2         0.988        0.943        0.894        0.770 
variable 3         0.983        0.922        0.849        0.677 
variable 4         0.987        0.936        0.877        0.732 
variable 5         0.985        0.932        0.872        0.689 
variable 6         0.988        0.940        0.879        0.728 
variable 7         0.992        0.961        0.924        0.836 
variable 8         0.989        0.946        0.901        0.820 
variable 9         0.988        0.943        0.884        0.729 
variable 10        0.987        0.940        0.885        0.735 
variable 11        0.989        0.945        0.890        0.767 
variable 12        0.987        0.940        0.883        0.733 
variable 13        0.986        0.937        0.880        0.752 
variable 14        0.977        0.900        0.807        0.608 
variable 15        0.990        0.952        0.904        0.785 
variable 16        0.969        0.863        0.748        0.506 

Raftery-Lewis Diagnostics for each parameter 
(q=0.025000, r=0.010000, s=0.950000)
Variable          Thin       Burn   Total(N)     (Nmin)     I-stat 
variable 1           1        151      45631        937     48.699 
variable 2           1        151      45631        937     48.699 
variable 3           1        151      45631        937     48.699 
variable 4           1        151      45631        937     48.699 
variable 5           1        151      45631        937     48.699 
variable 6           1        151      45631        937     48.699 
variable 7           1        151      45631        937     48.699 
variable 8           1        151      45631        937     48.699 
variable 9           1        151      45631        937     48.699 
variable 10          1        151      45631        937     48.699 
variable 11          1        151      45631        937     48.699 
variable 12          1        151      45631        937     48.699 
variable 13          1        151      45631        937     48.699 
variable 14          1        151      45631        937     48.699 
variable 15          1        151      45631        937     48.699 
variable 16          1        151      45631        937     48.699 

Geweke Diagnostics for each parameter 
Variable            Mean      std dev      NSE iid      RNE iid 
variable 1      5.950839     1.126431     0.022529     1.000000 
variable 2     20.036726     1.939000     0.038780     1.000000 
variable 3     21.756397     1.755608     0.035112     1.000000 
variable 4      7.399056     4.176206     0.083524     1.000000 
variable 5      3.885140     1.448748     0.028975     1.000000 
variable 6     16.989203     2.378485     0.047570     1.000000 
variable 7      9.927778     2.509345     0.050187     1.000000 
variable 8     35.095201    12.107816     0.242156     1.000000 
variable 9     11.208441     2.018033     0.040361     1.000000 
variable 10     6.404392     1.745386     0.034908     1.000000 
variable 11    17.392392     1.186428     0.023729     1.000000 
variable 12    16.467742     2.635506     0.052710     1.000000 
variable 13    34.268745     9.284767     0.185695     1.000000 
variable 14    21.851134     4.456872     0.089137     1.000000 
variable 15     0.000002     0.000001     0.000000     1.000000 
variable 16     0.000003     0.000001     0.000000     1.000000 

Variable          NSE 4%       RNE 4%       NSE 8%       RNE 8%      NSE 15%      RNE 15% 
variable 1      0.243859     0.008535     0.217104     0.010768     0.197750     0.012979 
variable 2      0.535638     0.005242     0.655110     0.003504     0.648237     0.003579 
variable 3      0.438441     0.006413     0.449018     0.006115     0.458810     0.005857 
variable 4      0.925436     0.008146     0.944024     0.007828     0.846466     0.009737 
variable 5      0.357793     0.006558     0.334979     0.007482     0.224910     0.016597 
variable 6      0.531038     0.008024     0.423707     0.012605     0.276491     0.029601 
variable 7      0.653326     0.005901     0.665752     0.005683     0.665311     0.005690 
variable 8      2.840125     0.007270     2.298806     0.011097     1.555421     0.024238 
variable 9      0.544899     0.005486     0.505686     0.006370     0.387017     0.010876 
variable 10     0.381251     0.008383     0.408680     0.007296     0.347946     0.010065 
variable 11     0.326507     0.005282     0.321379     0.005451     0.285649     0.006900 
variable 12     0.398888     0.017462     0.290001     0.033036     0.231254     0.051953 
variable 13     1.814851     0.010469     1.553804     0.014283     1.122273     0.027378 
variable 14     0.653754     0.018591     0.611084     0.021277     0.582760     0.023396 
variable 15     0.000000     0.005915     0.000000     0.004685     0.000000     0.006041 
variable 16     0.000000     0.013372     0.000000     0.015806     0.000000     0.024937 

=================================================== 
MCMC CONVERGENCE diagnostics for chain number  4 
Based on sample size =       2501 
=================================================== 
Autocorrelation for each parameter 
Variable           Lag 1        Lag 5       Lag 10       Lag 25 
variable 1         0.989        0.952        0.911        0.813 
variable 2         0.990        0.951        0.910        0.803 
variable 3         0.981        0.908        0.826        0.636 
variable 4         0.988        0.939        0.887        0.781 
variable 5         0.993        0.966        0.936        0.863 
variable 6         0.992        0.965        0.933        0.855 
variable 7         0.983        0.918        0.852        0.716 
variable 8         0.982        0.919        0.849        0.727 
variable 9         0.988        0.943        0.894        0.761 
variable 10        0.994        0.976        0.954        0.887 
variable 11        0.995        0.976        0.955        0.895 
variable 12        0.992        0.967        0.942        0.879 
variable 13        0.993        0.969        0.942        0.876 
variable 14        0.988        0.943        0.887        0.746 
variable 15        0.985        0.920        0.830        0.601 
variable 16        0.990        0.952        0.910        0.837 

Raftery-Lewis Diagnostics for each parameter 
(q=0.025000, r=0.010000, s=0.950000)
Variable          Thin       Burn   Total(N)     (Nmin)     I-stat 
variable 1           1        484     153740        937    164.077 
variable 2           1        484     153740        937    164.077 
variable 3           1        484     153740        937    164.077 
variable 4           1        484     153740        937    164.077 
variable 5           1        484     153740        937    164.077 
variable 6           1        484     153740        937    164.077 
variable 7           1        484     153740        937    164.077 
variable 8           1        484     153740        937    164.077 
variable 9           1        484     153740        937    164.077 
variable 10          1        484     153740        937    164.077 
variable 11          1        484     153740        937    164.077 
variable 12          1        484     153740        937    164.077 
variable 13          1        484     153740        937    164.077 
variable 14          1        484     153740        937    164.077 
variable 15          1        484     153740        937    164.077 
variable 16          1        484     153740        937    164.077 

Geweke Diagnostics for each parameter 
Variable            Mean      std dev      NSE iid      RNE iid 
variable 1      4.527624     1.369967     0.027399     1.000000 
variable 2     18.976187     2.288760     0.045775     1.000000 
variable 3     23.838404     1.541224     0.030824     1.000000 
variable 4      9.481232     4.764367     0.095287     1.000000 
variable 5      7.099950     1.954338     0.039087     1.000000 
variable 6     19.069275     2.374272     0.047485     1.000000 
variable 7      7.909021     1.798150     0.035963     1.000000 
variable 8     29.191631    12.047753     0.240955     1.000000 
variable 9      9.440286     1.617033     0.032341     1.000000 
variable 10     5.270418     2.026124     0.040522     1.000000 
variable 11    18.110257     1.572661     0.031453     1.000000 
variable 12    18.387569     3.237654     0.064753     1.000000 
variable 13    31.981305    12.437313     0.248746     1.000000 
variable 14    21.571216     5.854765     0.117095     1.000000 
variable 15     0.000002     0.000001     0.000000     1.000000 
variable 16     0.000003     0.000001     0.000000     1.000000 

Variable          NSE 4%       RNE 4%       NSE 8%       RNE 8%      NSE 15%      RNE 15% 
variable 1      0.427492     0.004108     0.492490     0.003095     0.425786     0.004141 
variable 2      0.665151     0.004736     0.613567     0.005566     0.447318     0.010472 
variable 3      0.296382     0.010817     0.231645     0.017707     0.188517     0.026736 
variable 4      1.214291     0.006158     1.172755     0.006602     0.859733     0.012284 
variable 5      0.593692     0.004334     0.629596     0.003854     0.461540     0.007172 
variable 6      0.719550     0.004355     0.718848     0.004364     0.525197     0.008175 
variable 7      0.432292     0.006921     0.356365     0.010184     0.280123     0.016482 
variable 8      3.151129     0.005847     2.251285     0.011455     1.543930     0.024357 
variable 9      0.372845     0.007524     0.299535     0.011657     0.239293     0.018266 
variable 10     0.603560     0.004508     0.660795     0.003761     0.627817     0.004166 
variable 11     0.529909     0.003523     0.532290     0.003492     0.393335     0.006394 
variable 12     0.986199     0.004311     0.897419     0.005206     0.722225     0.008039 
variable 13     4.191932     0.003521     4.357649     0.003258     3.025362     0.006760 
variable 14     1.724261     0.004612     1.761238     0.004420     1.211744     0.009338 
variable 15     0.000000     0.028235     0.000000     0.048760     0.000000     0.119952 
variable 16     0.000000     0.004665     0.000000     0.003656     0.000000     0.004211 

=================================================== 
MCMC CONVERGENCE diagnostics for chain number  5 
Based on sample size =       2501 
=================================================== 
Autocorrelation for each parameter 
Variable           Lag 1        Lag 5       Lag 10       Lag 25 
variable 1         0.991        0.957        0.914        0.801 
variable 2         0.995        0.976        0.951        0.868 
variable 3         0.987        0.937        0.880        0.765 
variable 4         0.989        0.944        0.896        0.780 
variable 5         0.990        0.956        0.920        0.824 
variable 6         0.989        0.949        0.907        0.789 
variable 7         0.990        0.953        0.908        0.775 
variable 8         0.987        0.940        0.889        0.757 
variable 9         0.989        0.952        0.909        0.810 
variable 10        0.993        0.967        0.937        0.870 
variable 11        0.991        0.955        0.908        0.811 
variable 12        0.980        0.919        0.849        0.692 
variable 13        0.992        0.963        0.937        0.872 
variable 14        0.994        0.970        0.947        0.890 
variable 15        0.985        0.937        0.887        0.766 
variable 16        0.990        0.958        0.924        0.830 

Raftery-Lewis Diagnostics for each parameter 
(q=0.025000, r=0.010000, s=0.950000)
Variable          Thin       Burn   Total(N)     (Nmin)     I-stat 
variable 1           1        221      64549        937     68.889 
variable 2           1        221      64549        937     68.889 
variable 3           1        221      64549        937     68.889 
variable 4           1        221      64549        937     68.889 
variable 5           1        221      64549        937     68.889 
variable 6           1        221      64549        937     68.889 
variable 7           1        221      64549        937     68.889 
variable 8           1        221      64549        937     68.889 
variable 9           1        221      64549        937     68.889 
variable 10          1        221      64549        937     68.889 
variable 11          1        221      64549        937     68.889 
variable 12          1        221      64549        937     68.889 
variable 13          1        221      64549        937     68.889 
variable 14          1        221      64549        937     68.889 
variable 15          1        221      64549        937     68.889 
variable 16          1        221      64549        937     68.889 

Geweke Diagnostics for each parameter 
Variable            Mean      std dev      NSE iid      RNE iid 
variable 1      5.020424     1.347369     0.026947     1.000000 
variable 2     19.794189     2.686167     0.053723     1.000000 
variable 3     23.405360     1.914577     0.038292     1.000000 
variable 4     10.368782     4.651699     0.093034     1.000000 
variable 5      5.683532     1.841412     0.036828     1.000000 
variable 6     18.986733     1.987891     0.039758     1.000000 
variable 7      8.602960     2.189432     0.043789     1.000000 
variable 8     32.030759    12.336818     0.246736     1.000000 
variable 9      9.385283     1.777159     0.035543     1.000000 
variable 10     6.105556     1.853487     0.037070     1.000000 
variable 11    17.885111     1.048179     0.020964     1.000000 
variable 12    19.039783     1.802939     0.036059     1.000000 
variable 13    25.245183    10.435681     0.208714     1.000000 
variable 14    23.243269     7.397701     0.147954     1.000000 
variable 15     0.000003     0.000001     0.000000     1.000000 
variable 16     0.000003     0.000001     0.000000     1.000000 

Variable          NSE 4%       RNE 4%       NSE 8%       RNE 8%      NSE 15%      RNE 15% 
variable 1      0.315638     0.007289     0.345449     0.006085     0.326343     0.006818 
variable 2      0.733209     0.005369     0.696747     0.005945     0.495208     0.011769 
variable 3      0.576450     0.004412     0.586019     0.004270     0.474538     0.006511 
variable 4      1.157650     0.006458     1.124092     0.006850     0.877032     0.011253 
variable 5      0.452123     0.006635     0.467010     0.006219     0.416388     0.007823 
variable 6      0.453994     0.007669     0.329168     0.014588     0.323074     0.015144 
variable 7      0.538142     0.006621     0.486727     0.008094     0.489087     0.008016 
variable 8      3.834316     0.004141     4.437723     0.003091     4.407412     0.003134 
variable 9      0.461747     0.005925     0.503808     0.004977     0.439418     0.006543 
variable 10     0.664668     0.003110     0.798770     0.002154     0.763440     0.002358 
variable 11     0.308843     0.004607     0.326025     0.004135     0.252840     0.006874 
variable 12     0.459037     0.006171     0.446576     0.006520     0.378176     0.009091 
variable 13     2.879282     0.005255     2.287354     0.008326     1.227637     0.028904 
variable 14     2.019368     0.005368     1.579305     0.008777     1.104022     0.017960 
variable 15     0.000000     0.006376     0.000000     0.010424     0.000000     0.025244 
variable 16     0.000000     0.004321     0.000000     0.003728     0.000000     0.003850 

=================================================== 
MCMC CONVERGENCE diagnostics for chain number  6 
Based on sample size =       2501 
=================================================== 
Autocorrelation for each parameter 
Variable           Lag 1        Lag 5       Lag 10       Lag 25 
variable 1         0.987        0.939        0.897        0.781 
variable 2         0.982        0.919        0.852        0.656 
variable 3         0.991        0.956        0.920        0.798 
variable 4         0.990        0.952        0.905        0.784 
variable 5         0.988        0.943        0.889        0.739 
variable 6         0.989        0.951        0.907        0.774 
variable 7         0.987        0.940        0.890        0.780 
variable 8         0.983        0.919        0.845        0.652 
variable 9         0.991        0.956        0.916        0.794 
variable 10        0.991        0.958        0.918        0.813 
variable 11        0.995        0.975        0.952        0.902 
variable 12        0.993        0.965        0.931        0.866 
variable 13        0.991        0.958        0.918        0.813 
variable 14        0.990        0.947        0.894        0.750 
variable 15        0.990        0.950        0.905        0.787 
variable 16        0.989        0.949        0.902        0.785 

Raftery-Lewis Diagnostics for each parameter 
(q=0.025000, r=0.010000, s=0.950000)
Variable          Thin       Burn   Total(N)     (Nmin)     I-stat 
variable 1           1        166      36657        937     39.122 
variable 2           1        166      36657        937     39.122 
variable 3           1        166      36657        937     39.122 
variable 4           1        166      36657        937     39.122 
variable 5           1        166      36657        937     39.122 
variable 6           1        166      36657        937     39.122 
variable 7           1        166      36657        937     39.122 
variable 8           1        166      36657        937     39.122 
variable 9           1        166      36657        937     39.122 
variable 10          1        166      36657        937     39.122 
variable 11          1        166      36657        937     39.122 
variable 12          1        166      36657        937     39.122 
variable 13          1        166      36657        937     39.122 
variable 14          1        166      36657        937     39.122 
variable 15          1        166      36657        937     39.122 
variable 16          1        166      36657        937     39.122 

Geweke Diagnostics for each parameter 
Variable            Mean      std dev      NSE iid      RNE iid 
variable 1      5.340796     1.488728     0.029775     1.000000 
variable 2     19.236543     1.543298     0.030866     1.000000 
variable 3     21.565442     2.102086     0.042042     1.000000 
variable 4      9.534012     4.848243     0.096965     1.000000 
variable 5      3.428186     1.694100     0.033882     1.000000 
variable 6     17.577997     1.821178     0.036424     1.000000 
variable 7     10.121659     2.281631     0.045633     1.000000 
variable 8     24.928067     9.731750     0.194635     1.000000 
variable 9     11.085831     2.023970     0.040479     1.000000 
variable 10     6.011059     1.800724     0.036014     1.000000 
variable 11    17.527179     1.415144     0.028303     1.000000 
variable 12    17.897392     3.596679     0.071934     1.000000 
variable 13    33.007071    11.544422     0.230888     1.000000 
variable 14    23.827718     6.803524     0.136070     1.000000 
variable 15     0.000002     0.000001     0.000000     1.000000 
variable 16     0.000003     0.000001     0.000000     1.000000 

Variable          NSE 4%       RNE 4%       NSE 8%       RNE 8%      NSE 15%      RNE 15% 
variable 1      0.378911     0.006175     0.363851     0.006696     0.369879     0.006480 
variable 2      0.271040     0.012969     0.267546     0.013310     0.256312     0.014502 
variable 3      0.501353     0.007032     0.378703     0.012324     0.222316     0.035762 
variable 4      1.289139     0.005658     1.080670     0.008051     0.668159     0.021061 
variable 5      0.341159     0.009863     0.264603     0.016396     0.198978     0.028995 
variable 6      0.448508     0.006595     0.440517     0.006837     0.292171     0.015541 
variable 7      0.564779     0.006528     0.473150     0.009302     0.315877     0.020870 
variable 8      1.779145     0.011968     1.947660     0.009987     1.739840     0.012515 
variable 9      0.456780     0.007853     0.477032     0.007201     0.422327     0.009187 
variable 10     0.433616     0.006898     0.421121     0.007314     0.292841     0.015125 
variable 11     0.490470     0.003330     0.513298     0.003040     0.375901     0.005669 
variable 12     1.040535     0.004779     0.971042     0.005488     0.680437     0.011176 
variable 13     3.442083     0.004499     3.073448     0.005644     1.898931     0.014784 
variable 14     1.313627     0.010730     1.428251     0.009077     1.275711     0.011377 
variable 15     0.000000     0.006524     0.000000     0.008332     0.000000     0.012752 
variable 16     0.000000     0.006235     0.000000     0.017704     0.000000     0.028402 

=================================================== 
MCMC CONVERGENCE diagnostics for chain number  7 
Based on sample size =       2501 
=================================================== 
Autocorrelation for each parameter 
Variable           Lag 1        Lag 5       Lag 10       Lag 25 
variable 1         0.987        0.937        0.881        0.775 
variable 2         0.987        0.942        0.889        0.788 
variable 3         0.994        0.974        0.952        0.904 
variable 4         0.995        0.977        0.955        0.896 
variable 5         0.989        0.949        0.901        0.784 
variable 6         0.989        0.951        0.903        0.794 
variable 7         0.993        0.969        0.942        0.887 
variable 8         0.986        0.942        0.896        0.792 
variable 9         0.994        0.976        0.957        0.901 
variable 10        0.991        0.958        0.911        0.784 
variable 11        0.994        0.971        0.942        0.873 
variable 12        0.990        0.955        0.905        0.778 
variable 13        0.992        0.963        0.926        0.823 
variable 14        0.990        0.953        0.910        0.813 
variable 15        0.992        0.968        0.941        0.873 
variable 16        0.991        0.955        0.910        0.812 

Raftery-Lewis Diagnostics for each parameter 
(q=0.025000, r=0.010000, s=0.950000)
Variable          Thin       Burn   Total(N)     (Nmin)     I-stat 
variable 1           1        250      82557        937     88.108 
variable 2           1        250      82557        937     88.108 
variable 3           1        250      82557        937     88.108 
variable 4           1        250      82557        937     88.108 
variable 5           1        250      82557        937     88.108 
variable 6           1        250      82557        937     88.108 
variable 7           1        250      82557        937     88.108 
variable 8           1        250      82557        937     88.108 
variable 9           1        250      82557        937     88.108 
variable 10          1        250      82557        937     88.108 
variable 11          1        250      82557        937     88.108 
variable 12          1        250      82557        937     88.108 
variable 13          1        250      82557        937     88.108 
variable 14          1        250      82557        937     88.108 
variable 15          1        250      82557        937     88.108 
variable 16          1        250      82557        937     88.108 

Geweke Diagnostics for each parameter 
Variable            Mean      std dev      NSE iid      RNE iid 
variable 1      5.682670     1.086729     0.021735     1.000000 
variable 2     19.065576     1.508104     0.030162     1.000000 
variable 3     22.545189     2.213583     0.044272     1.000000 
variable 4     11.268266     5.430620     0.108612     1.000000 
variable 5      3.154632     1.725452     0.034509     1.000000 
variable 6     19.162856     1.717881     0.034358     1.000000 
variable 7      8.621894     2.159733     0.043195     1.000000 
variable 8     24.990434     9.848259     0.196965     1.000000 
variable 9      9.907288     2.089675     0.041794     1.000000 
variable 10     7.087149     1.548691     0.030974     1.000000 
variable 11    17.362789     1.327008     0.026540     1.000000 
variable 12    15.551575     2.475628     0.049513     1.000000 
variable 13    29.272717    10.199714     0.203994     1.000000 
variable 14    20.078654     4.849012     0.096980     1.000000 
variable 15     0.000003     0.000001     0.000000     1.000000 
variable 16     0.000003     0.000001     0.000000     1.000000 

Variable          NSE 4%       RNE 4%       NSE 8%       RNE 8%      NSE 15%      RNE 15% 
variable 1      0.277869     0.006118     0.271842     0.006392     0.196705     0.012209 
variable 2      0.469595     0.004125     0.551406     0.002992     0.508169     0.003523 
variable 3      0.737746     0.003601     0.770979     0.003297     0.590918     0.005613 
variable 4      1.987409     0.002987     2.283847     0.002262     2.058263     0.002785 
variable 5      0.530374     0.004234     0.563239     0.003754     0.561267     0.003780 
variable 6      0.434482     0.006253     0.420418     0.006679     0.417917     0.006759 
variable 7      0.634622     0.004633     0.453394     0.009076     0.276379     0.024426 
variable 8      1.895048     0.010803     1.244685     0.025041     0.942898     0.043636 
variable 9      0.592975     0.004968     0.438369     0.009089     0.411548     0.010313 
variable 10     0.432172     0.005137     0.317821     0.009498     0.297815     0.010817 
variable 11     0.360511     0.005420     0.325538     0.006647     0.300357     0.007808 
variable 12     0.569710     0.007553     0.328719     0.022687     0.322291     0.023601 
variable 13     2.275808     0.008035     2.075304     0.009662     1.747348     0.013629 
variable 14     1.175813     0.006803     1.011998     0.009183     0.707594     0.018784 
variable 15     0.000000     0.003838     0.000000     0.003706     0.000000     0.004275 
variable 16     0.000000     0.006264     0.000000     0.004856     0.000000     0.006301 

=================================================== 
MCMC CONVERGENCE diagnostics for chain number  8 
Based on sample size =       2501 
=================================================== 
Autocorrelation for each parameter 
Variable           Lag 1        Lag 5       Lag 10       Lag 25 
variable 1         0.983        0.926        0.858        0.669 
variable 2         0.991        0.960        0.920        0.821 
variable 3         0.991        0.955        0.915        0.813 
variable 4         0.992        0.963        0.931        0.854 
variable 5         0.976        0.883        0.770        0.469 
variable 6         0.993        0.965        0.931        0.832 
variable 7         0.994        0.973        0.947        0.875 
variable 8         0.992        0.958        0.918        0.848 
variable 9         0.997        0.988        0.977        0.952 
variable 10        0.993        0.966        0.930        0.820 
variable 11        0.996        0.980        0.962        0.915 
variable 12        0.994        0.970        0.938        0.833 
variable 13        0.996        0.979        0.960        0.921 
variable 14        0.992        0.962        0.930        0.849 
variable 15        0.991        0.954        0.908        0.788 
variable 16        0.981        0.912        0.831        0.617 

Raftery-Lewis Diagnostics for each parameter 
(q=0.025000, r=0.010000, s=0.950000)
Variable          Thin       Burn   Total(N)     (Nmin)     I-stat 
variable 1           1        257      86840        937     92.679 
variable 2           1        257      86840        937     92.679 
variable 3           1        257      86840        937     92.679 
variable 4           1        257      86840        937     92.679 
variable 5           1        257      86840        937     92.679 
variable 6           1        257      86840        937     92.679 
variable 7           1        257      86840        937     92.679 
variable 8           1        257      86840        937     92.679 
variable 9           1        257      86840        937     92.679 
variable 10          1        257      86840        937     92.679 
variable 11          1        257      86840        937     92.679 
variable 12          1        257      86840        937     92.679 
variable 13          1        257      86840        937     92.679 
variable 14          1        257      86840        937     92.679 
variable 15          1        257      86840        937     92.679 
variable 16          1        257      86840        937     92.679 

Geweke Diagnostics for each parameter 
Variable            Mean      std dev      NSE iid      RNE iid 
variable 1      6.056323     1.182294     0.023646     1.000000 
variable 2     18.919867     1.855070     0.037101     1.000000 
variable 3     22.834218     1.906221     0.038124     1.000000 
variable 4      9.763960     4.758207     0.095164     1.000000 
variable 5      3.215231     1.209160     0.024183     1.000000 
variable 6     16.288664     2.145747     0.042915     1.000000 
variable 7      8.906714     2.477017     0.049540     1.000000 
variable 8     31.397129    12.412885     0.248258     1.000000 
variable 9     11.924320     3.219428     0.064389     1.000000 
variable 10     6.052963     1.961295     0.039226     1.000000 
variable 11    17.412601     1.416971     0.028339     1.000000 
variable 12    16.344438     3.623652     0.072473     1.000000 
variable 13    36.098865    12.832912     0.256658     1.000000 
variable 14    19.223455     6.158960     0.123179     1.000000 
variable 15     0.000003     0.000001     0.000000     1.000000 
variable 16     0.000003     0.000001     0.000000     1.000000 

Variable          NSE 4%       RNE 4%       NSE 8%       RNE 8%      NSE 15%      RNE 15% 
variable 1      0.231800     0.010406     0.244550     0.009349     0.214572     0.012144 
variable 2      0.488948     0.005758     0.424590     0.007636     0.329719     0.012662 
variable 3      0.566659     0.004527     0.578171     0.004348     0.573465     0.004420 
variable 4      1.535197     0.003843     1.547373     0.003782     1.571165     0.003669 
variable 5      0.253170     0.009124     0.294596     0.006739     0.282624     0.007322 
variable 6      0.641047     0.004482     0.672901     0.004067     0.534282     0.006452 
variable 7      0.818341     0.003665     0.857335     0.003339     0.551305     0.008075 
variable 8      4.132284     0.003609     3.831330     0.004199     2.443918     0.010319 
variable 9      1.218815     0.002791     1.291329     0.002486     0.912159     0.004983 
variable 10     0.430923     0.008286     0.414408     0.008960     0.350733     0.012508 
variable 11     0.444713     0.004061     0.431939     0.004305     0.275998     0.010543 
variable 12     0.829976     0.007625     0.716111     0.010242     0.470795     0.023697 
variable 13     4.871543     0.002776     5.390818     0.002267     4.321857     0.003527 
variable 14     1.560724     0.006229     1.582921     0.006056     1.313929     0.008789 
variable 15     0.000000     0.007975     0.000000     0.012768     0.000000     0.015732 
variable 16     0.000000     0.011255     0.000000     0.016097     0.000000     0.019763 

=================================================== 
MCMC CONVERGENCE diagnostics for chain number  9 
Based on sample size =       2501 
=================================================== 
Autocorrelation for each parameter 
Variable           Lag 1        Lag 5       Lag 10       Lag 25 
variable 1         0.986        0.931        0.883        0.771 
variable 2         0.991        0.954        0.916        0.824 
variable 3         0.991        0.954        0.912        0.788 
variable 4         0.989        0.945        0.895        0.765 
variable 5         0.982        0.920        0.855        0.678 
variable 6         0.989        0.948        0.897        0.770 
variable 7         0.989        0.947        0.900        0.773 
variable 8         0.983        0.933        0.870        0.714 
variable 9         0.992        0.964        0.930        0.823 
variable 10        0.991        0.959        0.918        0.817 
variable 11        0.988        0.942        0.890        0.738 
variable 12        0.990        0.955        0.911        0.805 
variable 13        0.991        0.958        0.919        0.833 
variable 14        0.989        0.947        0.905        0.784 
variable 15        0.991        0.956        0.915        0.778 
variable 16        0.989        0.952        0.908        0.805 

Raftery-Lewis Diagnostics for each parameter 
(q=0.025000, r=0.010000, s=0.950000)
Variable          Thin       Burn   Total(N)     (Nmin)     I-stat 
variable 1           1        114      34637        937     36.966 
variable 2           1        114      34637        937     36.966 
variable 3           1        114      34637        937     36.966 
variable 4           1        114      34637        937     36.966 
variable 5           1        114      34637        937     36.966 
variable 6           1        114      34637        937     36.966 
variable 7           1        114      34637        937     36.966 
variable 8           1        114      34637        937     36.966 
variable 9           1        114      34637        937     36.966 
variable 10          1        114      34637        937     36.966 
variable 11          1        114      34637        937     36.966 
variable 12          1        114      34637        937     36.966 
variable 13          1        114      34637        937     36.966 
variable 14          1        114      34637        937     36.966 
variable 15          1        114      34637        937     36.966 
variable 16          1        114      34637        937     36.966 

Geweke Diagnostics for each parameter 
Variable            Mean      std dev      NSE iid      RNE iid 
variable 1      4.953328     1.568630     0.031373     1.000000 
variable 2     18.342988     1.904233     0.038085     1.000000 
variable 3     24.058654     2.073467     0.041469     1.000000 
variable 4     12.163875     4.049353     0.080987     1.000000 
variable 5      3.606975     1.518273     0.030365     1.000000 
variable 6     16.066953     1.778027     0.035561     1.000000 
variable 7      7.891859     1.929180     0.038584     1.000000 
variable 8     32.790424    10.934882     0.218698     1.000000 
variable 9     12.986674     2.155822     0.043116     1.000000 
variable 10     5.079861     1.856198     0.037124     1.000000 
variable 11    16.993430     0.923631     0.018473     1.000000 
variable 12    16.875077     3.007848     0.060157     1.000000 
variable 13    37.199863     9.990244     0.199805     1.000000 
variable 14    20.942440     5.895910     0.117918     1.000000 
variable 15     0.000002     0.000001     0.000000     1.000000 
variable 16     0.000003     0.000001     0.000000     1.000000 

Variable          NSE 4%       RNE 4%       NSE 8%       RNE 8%      NSE 15%      RNE 15% 
variable 1      0.318382     0.009710     0.241824     0.016831     0.218039     0.020703 
variable 2      0.440009     0.007492     0.506140     0.005662     0.514098     0.005488 
variable 3      0.512288     0.006553     0.556947     0.005544     0.551124     0.005662 
variable 4      0.807537     0.010058     0.788887     0.010539     0.729763     0.012316 
variable 5      0.359401     0.007138     0.370357     0.006722     0.266308     0.013001 
variable 6      0.519105     0.004693     0.554639     0.004111     0.421974     0.007102 
variable 7      0.460357     0.007024     0.456914     0.007131     0.417245     0.008551 
variable 8      2.249982     0.009448     1.238721     0.031170     1.169981     0.034941 
variable 9      0.594948     0.005252     0.615607     0.004905     0.502635     0.007358 
variable 10     0.548026     0.004589     0.546980     0.004606     0.362781     0.010472 
variable 11     0.225629     0.006703     0.163523     0.012761     0.092521     0.039864 
variable 12     0.801748     0.005630     0.704212     0.007297     0.413065     0.021210 
variable 13     2.738533     0.005323     2.995388     0.004449     2.339101     0.007296 
variable 14     1.281047     0.008473     0.913204     0.016673     0.703924     0.028061 
variable 15     0.000000     0.005665     0.000000     0.005061     0.000000     0.006049 
variable 16     0.000000     0.006522     0.000000     0.008679     0.000000     0.016911 

=================================================== 
MCMC CONVERGENCE diagnostics for chain number 10 
Based on sample size =       2501 
=================================================== 
Autocorrelation for each parameter 
Variable           Lag 1        Lag 5       Lag 10       Lag 25 
variable 1         0.986        0.931        0.868        0.729 
variable 2         0.989        0.947        0.895        0.750 
variable 3         0.978        0.895        0.794        0.594 
variable 4         0.981        0.916        0.843        0.679 
variable 5         0.992        0.963        0.931        0.843 
variable 6         0.990        0.955        0.911        0.783 
variable 7         0.991        0.958        0.914        0.823 
variable 8         0.985        0.925        0.856        0.719 
variable 9         0.990        0.957        0.920        0.826 
variable 10        0.991        0.956        0.915        0.800 
variable 11        0.995        0.977        0.952        0.894 
variable 12        0.991        0.960        0.927        0.840 
variable 13        0.989        0.951        0.904        0.785 
variable 14        0.993        0.970        0.943        0.856 
variable 15        0.989        0.957        0.916        0.786 
variable 16        0.983        0.922        0.850        0.664 

Raftery-Lewis Diagnostics for each parameter 
(q=0.025000, r=0.010000, s=0.950000)
Variable          Thin       Burn   Total(N)     (Nmin)     I-stat 
variable 1           1        273      97984        937    104.572 
variable 2           1        273      97984        937    104.572 
variable 3           1        273      97984        937    104.572 
variable 4           1        273      97984        937    104.572 
variable 5           1        273      97984        937    104.572 
variable 6           1        273      97984        937    104.572 
variable 7           1        273      97984        937    104.572 
variable 8           1        273      97984        937    104.572 
variable 9           1        273      97984        937    104.572 
variable 10          1        273      97984        937    104.572 
variable 11          1        273      97984        937    104.572 
variable 12          1        273      97984        937    104.572 
variable 13          1        273      97984        937    104.572 
variable 14          1        273      97984        937    104.572 
variable 15          1        273      97984        937    104.572 
variable 16          1        273      97984        937    104.572 

Geweke Diagnostics for each parameter 
Variable            Mean      std dev      NSE iid      RNE iid 
variable 1      4.259851     1.238489     0.024770     1.000000 
variable 2     17.633965     2.065159     0.041303     1.000000 
variable 3     24.642550     1.539612     0.030792     1.000000 
variable 4     14.191856     3.687872     0.073757     1.000000 
variable 5      3.764072     2.055787     0.041116     1.000000 
variable 6     17.811643     2.036022     0.040720     1.000000 
variable 7      8.758434     2.476250     0.049525     1.000000 
variable 8     30.247537    10.429111     0.208582     1.000000 
variable 9      9.904377     2.073319     0.041466     1.000000 
variable 10     6.415658     1.798228     0.035965     1.000000 
variable 11    17.811585     1.743020     0.034860     1.000000 
variable 12    17.377337     3.509614     0.070192     1.000000 
variable 13    31.042017    10.137076     0.202742     1.000000 
variable 14    20.846132     9.446751     0.188935     1.000000 
variable 15     0.000002     0.000001     0.000000     1.000000 
variable 16     0.000002     0.000001     0.000000     1.000000 

Variable          NSE 4%       RNE 4%       NSE 8%       RNE 8%      NSE 15%      RNE 15% 
variable 1      0.259048     0.009143     0.191768     0.016684     0.182131     0.018496 
variable 2      0.419544     0.009692     0.437282     0.008922     0.424471     0.009468 
variable 3      0.317712     0.009393     0.226427     0.018494     0.205480     0.022457 
variable 4      0.947924     0.006054     0.869817     0.007190     0.739134     0.009958 
variable 5      0.631469     0.004239     0.667915     0.003789     0.576456     0.005087 
variable 6      0.530949     0.005882     0.357017     0.013009     0.287913     0.020003 
variable 7      0.716399     0.004779     0.593699     0.006959     0.447774     0.012233 
variable 8      2.104435     0.009824     2.002518     0.010849     1.708682     0.014902 
variable 9      0.606194     0.004679     0.527240     0.006186     0.452178     0.008410 
variable 10     0.392383     0.008401     0.250482     0.020616     0.167081     0.046333 
variable 11     0.566891     0.003782     0.596776     0.003412     0.591560     0.003473 
variable 12     0.924061     0.005770     0.928177     0.005719     0.898345     0.006105 
variable 13     2.541965     0.006361     2.678071     0.005731     2.426565     0.006981 
variable 14     2.709947     0.004861     2.158974     0.007658     1.186792     0.025344 
variable 15     0.000000     0.022093     0.000000     0.026253     0.000000     0.042096 
variable 16     0.000000     0.016756     0.000000     0.037976     0.000000     0.044496 

